import random
import pandas as pd


headers = ["rpoS", "dnaK", "oxyR", "sosR", "cspA"]

data1 = [
    [0.61, 0.16, 0.08, 0.05, 0.10],
    [0.54, 0.18, 0.07, 0.10, 0.12],
    [0.57, 0.10, 0.06, 0.15, 0.12],
    [0.39, 0.16, 0.17, 0.13, 0.15],
    [0.45, 0.14, 0.18, 0.14, 0.08],
    [0.42, 0.08, 0.12, 0.19, 0.19],
    [0.50, 0.17, 0.05, 0.16, 0.11],
    [0.44, 0.16, 0.08, 0.18, 0.15],
    [0.51, 0.12, 0.23, 0.05, 0.09],
    [0.59, 0.04, 0.12, 0.05, 0.20],
]
data2 = [
    [0.19, 0.60, 0.01, 0.08, 0.12],
    [0.19, 0.44, 0.12, 0.15, 0.11],
    [0.14, 0.46, 0.18, 0.11, 0.11],
    [0.11, 0.61, 0.08, 0.14, 0.07],
    [0.05, 0.53, 0.15, 0.16, 0.12],
    [0.02, 0.50, 0.16, 0.16, 0.16],
    [0.16, 0.54, 0.10, 0.07, 0.13],
    [0.04, 0.53, 0.16, 0.17, 0.10],
    [0.17, 0.46, 0.08, 0.12, 0.17],
    [0.19, 0.57, 0.02, 0.12, 0.10],
]

df1 = pd.DataFrame(data1, columns=headers)
df2 = pd.DataFrame(data2, columns=headers)
